image: /home/usr/data/ExplOrbSLAM_working/OG_maps/house/20240622_164724.pgm
resolution: 0.100000
origin: [-10.200000, -7.500000, 0.000000]
negate: 0
occupied_thresh: 0.65
free_thresh: 0.196

