image: /home/usr/data/ExplOrbSLAM_working/OG_maps/house/20240624_021133.pgm
resolution: 0.100000
origin: [-10.000000, -10.400000, 0.000000]
negate: 0
occupied_thresh: 0.65
free_thresh: 0.196

