image: /home/usr/data/ExplOrbSLAM_working/OG_maps/warehouse/20240623_033936.pgm
resolution: 0.100000
origin: [-7.100000, -11.200000, 0.000000]
negate: 0
occupied_thresh: 0.65
free_thresh: 0.196

