image: ware_house_map_drone.pgm
resolution: 0.100000
origin: [-6.900000, -11.200000, 0.000000]
negate: 0
occupied_thresh: 0.65
free_thresh: 0.196

